# unix_time, cycles_done, cur_path, paths_total, pending_total, pending_favs, map_size, unique_crashes, unique_hangs, max_depth, execs_per_sec
1676718125, 0, 0, 1, 1, 1, 0.23%, 0, 0, 1, 0.72
1676720058, 0, 0, 2, 2, 1, 0.23%, 0, 0, 2, 0.77
1676720163, 0, 0, 2, 2, 1, 0.23%, 1, 0, 2, 0.76
1676720263, 0, 0, 2, 2, 1, 0.23%, 1, 1, 2, 0.01
1676720363, 0, 0, 2, 2, 1, 0.23%, 1, 2, 2, 0.01
1676720836, 0, 0, 3, 3, 1, 0.33%, 1, 2, 2, 0.01
1676720906, 0, 0, 4, 4, 1, 0.33%, 1, 2, 2, 0.64
1676720919, 0, 0, 5, 5, 1, 0.33%, 1, 2, 2, 0.66
1676720979, 0, 0, 5, 5, 1, 0.33%, 2, 2, 2, 0.70
1676721314, 0, 0, 5, 5, 1, 0.33%, 3, 2, 2, 0.01
1676721336, 0, 0, 6, 6, 1, 0.33%, 3, 2, 2, 0.73
1676721347, 0, 0, 7, 7, 1, 0.33%, 3, 2, 2, 0.73
1676721364, 0, 0, 8, 8, 1, 0.33%, 3, 2, 2, 0.73
1676721473, 0, 0, 8, 8, 1, 0.33%, 3, 3, 2, 0.01
1676721873, 0, 0, 8, 8, 1, 0.33%, 3, 4, 2, 0.01
