# relative_time, cycles_done, cur_item, corpus_count, pending_total, pending_favs, map_size, saved_crashes, saved_hangs, max_depth, execs_per_sec, total_execs, edges_found
63, 0, 0, 3, 2, 0, 0.00%, 0, 0, 2, 4.18, 268, 158
68, 0, 0, 3, 2, 0, 0.00%, 0, 0, 2, 4.17, 289, 158
73, 0, 0, 3, 2, 0, 0.00%, 0, 0, 2, 4.16, 310, 158
78, 0, 0, 3, 2, 0, 0.00%, 0, 0, 2, 4.13, 331, 158
83, 0, 0, 4, 3, 0, 0.00%, 0, 0, 2, 4.18, 352, 160
89, 0, 0, 5, 4, 0, 0.00%, 0, 0, 2, 4.07, 376, 160
94, 0, 0, 5, 4, 0, 0.00%, 0, 0, 2, 4.15, 397, 160
99, 0, 0, 5, 4, 0, 0.00%, 0, 0, 2, 4.10, 418, 160
104, 0, 0, 5, 4, 0, 0.00%, 0, 0, 2, 4.14, 439, 160
109, 0, 0, 5, 4, 0, 0.00%, 0, 0, 2, 4.19, 460, 160
114, 0, 0, 6, 5, 0, 0.00%, 0, 0, 2, 4.19, 481, 160
120, 0, 0, 6, 5, 0, 0.00%, 0, 0, 2, 4.16, 502, 160
125, 0, 0, 6, 5, 0, 0.00%, 0, 0, 2, 4.15, 523, 160
130, 0, 0, 6, 5, 0, 0.00%, 0, 0, 2, 4.09, 544, 160
135, 0, 0, 6, 5, 0, 0.00%, 0, 0, 2, 4.14, 565, 160
140, 0, 0, 6, 5, 0, 0.00%, 0, 0, 2, 4.14, 586, 160
145, 0, 0, 6, 5, 0, 0.00%, 0, 0, 2, 4.16, 607, 160
150, 0, 0, 6, 5, 0, 0.00%, 0, 0, 2, 4.11, 628, 160
155, 0, 0, 6, 5, 0, 0.00%, 0, 0, 2, 4.11, 649, 160
160, 0, 0, 6, 5, 0, 0.00%, 0, 0, 2, 4.12, 670, 160
165, 0, 0, 6, 5, 0, 0.00%, 0, 0, 2, 4.16, 691, 160
171, 0, 0, 6, 5, 0, 0.00%, 0, 0, 2, 4.04, 711, 160
176, 0, 0, 6, 5, 0, 0.00%, 0, 0, 2, 3.93, 731, 160
209, 0, 0, 6, 5, 0, 0.00%, 2, 0, 2, 0.03, 749, 160
234, 0, 0, 6, 5, 0, 0.00%, 3, 0, 2, 0.03, 750, 160
256, 0, 0, 6, 5, 0, 0.00%, 4, 0, 2, 0.04, 751, 160
277, 0, 0, 6, 5, 0, 0.00%, 5, 0, 2, 0.04, 752, 160
305, 0, 0, 6, 5, 0, 0.00%, 6, 0, 2, 0.04, 753, 160
333, 0, 0, 6, 5, 0, 0.00%, 6, 0, 2, 0.04, 754, 160
357, 0, 0, 6, 5, 0, 0.00%, 6, 0, 2, 0.04, 755, 160
390, 0, 0, 6, 5, 0, 0.00%, 6, 0, 2, 0.04, 756, 160
416, 0, 0, 6, 5, 0, 0.00%, 6, 0, 2, 0.04, 757, 160
447, 0, 0, 6, 5, 0, 0.00%, 6, 0, 2, 0.04, 758, 160
472, 0, 0, 6, 5, 0, 0.00%, 6, 0, 2, 0.04, 759, 160
502, 0, 0, 6, 5, 0, 0.00%, 6, 0, 2, 0.04, 760, 160
529, 0, 0, 6, 5, 0, 0.00%, 7, 0, 2, 0.04, 761, 160
555, 0, 0, 6, 5, 0, 0.00%, 8, 0, 2, 0.04, 762, 160
581, 0, 0, 6, 5, 0, 0.00%, 9, 0, 2, 0.04, 763, 160
602, 0, 0, 6, 5, 0, 0.00%, 10, 0, 2, 0.04, 764, 160
623, 0, 0, 6, 5, 0, 0.00%, 11, 0, 2, 0.04, 765, 160
645, 0, 0, 6, 5, 0, 0.00%, 12, 0, 2, 0.04, 766, 160
670, 0, 0, 6, 5, 0, 0.00%, 13, 0, 2, 0.04, 767, 160
697, 0, 0, 6, 5, 0, 0.00%, 14, 0, 2, 0.04, 768, 160
718, 0, 0, 6, 5, 0, 0.00%, 14, 0, 2, 0.04, 769, 160
740, 0, 0, 6, 5, 0, 0.00%, 14, 0, 2, 0.04, 770, 160
765, 0, 0, 6, 5, 0, 0.00%, 14, 0, 2, 0.04, 771, 160
791, 0, 0, 6, 5, 0, 0.00%, 14, 0, 2, 0.04, 772, 160
816, 0, 0, 6, 5, 0, 0.00%, 14, 0, 2, 0.04, 773, 160
846, 0, 0, 6, 5, 0, 0.00%, 14, 0, 2, 0.04, 774, 160
869, 0, 0, 6, 5, 0, 0.00%, 15, 0, 2, 0.04, 775, 160
892, 0, 0, 6, 5, 0, 0.00%, 15, 0, 2, 0.04, 776, 160
916, 0, 0, 6, 5, 0, 0.00%, 15, 0, 2, 0.04, 777, 160
943, 0, 0, 6, 5, 0, 0.00%, 16, 0, 2, 0.04, 778, 160
967, 0, 0, 6, 5, 0, 0.00%, 17, 0, 2, 0.04, 779, 160
994, 0, 0, 6, 5, 0, 0.00%, 17, 0, 2, 0.04, 780, 160
1018, 0, 0, 6, 5, 0, 0.00%, 17, 0, 2, 0.04, 781, 160
1046, 0, 0, 6, 5, 0, 0.00%, 17, 0, 2, 0.04, 782, 160
1073, 0, 0, 6, 5, 0, 0.00%, 18, 0, 2, 0.04, 783, 160
1099, 0, 0, 6, 5, 0, 0.00%, 18, 0, 2, 0.04, 784, 160
1127, 0, 0, 6, 5, 0, 0.00%, 18, 0, 2, 0.04, 785, 160
1150, 0, 0, 6, 5, 0, 0.00%, 18, 0, 2, 0.04, 786, 160
1174, 0, 0, 6, 5, 0, 0.00%, 18, 0, 2, 0.04, 787, 160
1198, 0, 0, 6, 5, 0, 0.00%, 18, 0, 2, 0.04, 788, 160
1236, 0, 0, 6, 5, 0, 0.00%, 18, 0, 2, 0.04, 789, 160
1260, 0, 0, 6, 5, 0, 0.00%, 19, 0, 2, 0.04, 790, 160
1283, 0, 0, 6, 5, 0, 0.00%, 19, 0, 2, 0.04, 791, 160
1304, 0, 0, 6, 5, 0, 0.00%, 19, 0, 2, 0.04, 792, 160
1326, 0, 0, 6, 5, 0, 0.00%, 19, 0, 2, 0.04, 793, 160
1350, 0, 0, 6, 5, 0, 0.00%, 19, 0, 2, 0.04, 794, 160
1376, 0, 0, 6, 5, 0, 0.00%, 19, 0, 2, 0.04, 795, 160
1399, 0, 0, 6, 5, 0, 0.00%, 19, 0, 2, 0.04, 796, 160
1431, 0, 0, 6, 5, 0, 0.00%, 19, 0, 2, 0.04, 797, 160
1461, 0, 0, 6, 5, 0, 0.00%, 19, 0, 2, 0.04, 798, 160
1484, 0, 0, 6, 5, 0, 0.00%, 19, 0, 2, 0.04, 799, 160
1509, 0, 0, 6, 5, 0, 0.00%, 19, 0, 2, 0.04, 800, 160
1528, 0, 0, 6, 5, 0, 0.00%, 19, 0, 2, 0.04, 801, 160
1553, 0, 0, 6, 5, 0, 0.00%, 20, 0, 2, 0.04, 802, 160
1578, 0, 0, 6, 5, 0, 0.00%, 20, 0, 2, 0.04, 803, 160
1602, 0, 0, 6, 5, 0, 0.00%, 20, 0, 2, 0.04, 804, 160
1625, 0, 0, 6, 5, 0, 0.00%, 21, 0, 2, 0.04, 805, 160
1650, 0, 0, 6, 5, 0, 0.00%, 21, 0, 2, 0.04, 806, 160
1678, 0, 0, 6, 5, 0, 0.00%, 21, 0, 2, 0.04, 807, 160
1709, 0, 0, 6, 5, 0, 0.00%, 21, 0, 2, 0.04, 808, 160
1735, 0, 0, 6, 5, 0, 0.00%, 21, 0, 2, 0.04, 809, 160
1766, 0, 0, 6, 5, 0, 0.00%, 21, 0, 2, 0.04, 810, 160
1793, 0, 0, 6, 5, 0, 0.00%, 22, 0, 2, 0.04, 811, 160
1818, 0, 0, 6, 5, 0, 0.00%, 22, 0, 2, 0.04, 812, 160
1842, 0, 0, 6, 5, 0, 0.00%, 23, 0, 2, 0.04, 813, 160
1863, 0, 0, 6, 5, 0, 0.00%, 23, 0, 2, 0.04, 814, 160
1888, 0, 0, 6, 5, 0, 0.00%, 24, 0, 2, 0.04, 815, 160
1912, 0, 0, 6, 5, 0, 0.00%, 24, 0, 2, 0.04, 816, 160
1957, 0, 0, 6, 5, 0, 0.00%, 24, 0, 2, 0.04, 817, 160
1982, 0, 0, 6, 5, 0, 0.00%, 25, 0, 2, 0.04, 818, 160
2011, 0, 0, 6, 5, 0, 0.00%, 25, 0, 2, 0.04, 819, 160
2032, 0, 0, 6, 5, 0, 0.00%, 25, 0, 2, 0.04, 820, 160
2057, 0, 0, 6, 5, 0, 0.00%, 25, 0, 2, 0.04, 821, 160
2084, 0, 0, 6, 5, 0, 0.00%, 25, 0, 2, 0.04, 822, 160
2111, 0, 0, 6, 5, 0, 0.00%, 25, 0, 2, 0.04, 823, 160
2140, 0, 0, 6, 5, 0, 0.00%, 25, 0, 2, 0.04, 824, 160
2163, 0, 0, 6, 5, 0, 0.00%, 25, 0, 2, 0.04, 825, 160
2190, 0, 0, 6, 5, 0, 0.00%, 25, 0, 2, 0.04, 826, 160
2214, 0, 0, 6, 5, 0, 0.00%, 25, 0, 2, 0.04, 827, 160
2238, 0, 0, 6, 5, 0, 0.00%, 25, 0, 2, 0.04, 828, 160
2261, 0, 0, 6, 5, 0, 0.00%, 26, 0, 2, 0.04, 829, 160
2286, 0, 0, 6, 5, 0, 0.00%, 26, 0, 2, 0.04, 830, 160
2310, 0, 0, 6, 5, 0, 0.00%, 26, 0, 2, 0.04, 831, 160
2336, 0, 0, 6, 5, 0, 0.00%, 26, 0, 2, 0.04, 832, 160
2360, 0, 0, 6, 5, 0, 0.00%, 26, 0, 2, 0.04, 833, 160
2388, 0, 0, 6, 5, 0, 0.00%, 27, 0, 2, 0.04, 834, 160
2417, 0, 0, 6, 5, 0, 0.00%, 28, 0, 2, 0.04, 835, 160
2442, 0, 0, 6, 5, 0, 0.00%, 28, 0, 2, 0.04, 836, 160
2479, 0, 0, 6, 5, 0, 0.00%, 28, 0, 2, 0.04, 837, 160
2499, 0, 0, 6, 5, 0, 0.00%, 28, 0, 2, 0.04, 838, 160
2522, 0, 0, 6, 5, 0, 0.00%, 28, 0, 2, 0.04, 839, 160
2543, 0, 0, 6, 5, 0, 0.00%, 28, 0, 2, 0.04, 840, 160
2567, 0, 0, 6, 5, 0, 0.00%, 28, 0, 2, 0.04, 841, 160
2592, 0, 0, 6, 5, 0, 0.00%, 28, 0, 2, 0.04, 842, 160
2618, 0, 0, 6, 5, 0, 0.00%, 28, 0, 2, 0.04, 843, 160
2657, 0, 0, 6, 5, 0, 0.00%, 28, 0, 2, 0.04, 844, 160
2692, 0, 0, 6, 5, 0, 0.00%, 28, 0, 2, 0.04, 845, 160
2719, 0, 0, 6, 5, 0, 0.00%, 28, 0, 2, 0.04, 846, 160
2754, 0, 0, 6, 5, 0, 0.00%, 28, 0, 2, 0.04, 847, 160
2790, 0, 0, 6, 5, 0, 0.00%, 28, 0, 2, 0.04, 848, 160
2816, 0, 0, 6, 5, 0, 0.00%, 28, 0, 2, 0.04, 849, 160
2839, 0, 0, 6, 5, 0, 0.00%, 28, 0, 2, 0.04, 850, 160
2866, 0, 0, 6, 5, 0, 0.00%, 28, 0, 2, 0.04, 851, 160
2898, 0, 0, 6, 5, 0, 0.00%, 28, 0, 2, 0.04, 852, 160
2923, 0, 0, 6, 5, 0, 0.00%, 29, 0, 2, 0.04, 853, 160
2952, 0, 0, 6, 5, 0, 0.00%, 29, 0, 2, 0.04, 854, 160
2973, 0, 0, 6, 5, 0, 0.00%, 29, 0, 2, 0.04, 855, 160
2994, 0, 0, 6, 5, 0, 0.00%, 29, 0, 2, 0.04, 856, 160
3022, 0, 0, 6, 5, 0, 0.00%, 29, 0, 2, 0.04, 857, 160
3047, 0, 0, 6, 5, 0, 0.00%, 29, 0, 2, 0.04, 858, 160
3069, 0, 0, 6, 5, 0, 0.00%, 29, 0, 2, 0.04, 859, 160
3094, 0, 0, 6, 5, 0, 0.00%, 29, 0, 2, 0.04, 860, 160
3134, 0, 0, 6, 5, 0, 0.00%, 30, 0, 2, 0.04, 861, 160
3161, 0, 0, 6, 5, 0, 0.00%, 30, 0, 2, 0.04, 862, 160
3183, 0, 0, 6, 5, 0, 0.00%, 30, 0, 2, 0.04, 863, 160
3210, 0, 0, 6, 5, 0, 0.00%, 30, 0, 2, 0.04, 864, 160
3235, 0, 0, 6, 5, 0, 0.00%, 30, 0, 2, 0.04, 865, 160
3263, 0, 0, 6, 5, 0, 0.00%, 30, 0, 2, 0.04, 866, 160
3286, 0, 0, 6, 5, 0, 0.00%, 30, 0, 2, 0.04, 867, 160
