# relative_time, cycles_done, cur_item, corpus_count, pending_total, pending_favs, map_size, saved_crashes, saved_hangs, max_depth, execs_per_sec, total_execs, edges_found
60, 0, 0, 6, 6, 1, 0.00%, 0, 0, 2, 3.55, 226, 160
65, 0, 0, 6, 6, 1, 0.00%, 0, 0, 2, 3.47, 244, 160
70, 0, 0, 6, 6, 1, 0.00%, 0, 0, 2, 3.44, 262, 160
76, 0, 0, 6, 6, 1, 0.00%, 0, 0, 2, 3.47, 280, 160
81, 0, 0, 6, 6, 1, 0.00%, 0, 0, 2, 3.46, 298, 160
86, 0, 0, 6, 6, 1, 0.00%, 0, 0, 2, 3.47, 316, 160
91, 0, 0, 6, 6, 1, 0.00%, 0, 0, 2, 3.41, 333, 160
96, 0, 1, 6, 5, 3, 0.00%, 0, 0, 2, 3.34, 350, 160
102, 0, 1, 6, 5, 3, 0.00%, 0, 0, 2, 3.38, 368, 160
108, 0, 1, 7, 6, 3, 0.00%, 0, 0, 3, 3.35, 391, 160
114, 0, 1, 7, 6, 3, 0.00%, 0, 0, 3, 3.37, 408, 160
119, 0, 1, 7, 6, 3, 0.00%, 0, 0, 3, 3.29, 425, 160
124, 0, 1, 7, 6, 3, 0.00%, 0, 0, 3, 3.34, 442, 160
129, 0, 1, 7, 6, 3, 0.00%, 0, 0, 3, 3.40, 460, 160
134, 0, 1, 7, 6, 3, 0.00%, 0, 0, 3, 3.34, 477, 160
140, 0, 1, 7, 6, 3, 0.00%, 0, 0, 3, 3.39, 495, 160
145, 0, 1, 7, 6, 3, 0.00%, 0, 0, 3, 3.38, 512, 160
150, 0, 1, 7, 6, 3, 0.00%, 0, 0, 3, 3.40, 529, 160
155, 0, 1, 8, 7, 3, 0.00%, 0, 0, 3, 3.41, 546, 161
160, 0, 1, 8, 7, 3, 0.00%, 0, 0, 3, 3.31, 562, 161
168, 0, 1, 9, 8, 3, 0.00%, 0, 0, 3, 3.36, 589, 162
173, 0, 1, 9, 8, 3, 0.00%, 0, 0, 3, 3.40, 606, 162
178, 0, 1, 10, 9, 3, 0.00%, 0, 0, 3, 3.37, 623, 163
183, 0, 1, 10, 9, 3, 0.00%, 0, 0, 3, 3.28, 640, 163
189, 0, 5, 10, 8, 3, 0.00%, 0, 0, 3, 3.25, 657, 163
194, 0, 5, 10, 8, 3, 0.00%, 0, 0, 3, 3.13, 670, 163
199, 0, 5, 10, 8, 3, 0.00%, 0, 0, 3, 3.10, 686, 163
225, 0, 5, 10, 8, 3, 0.00%, 2, 0, 3, 0.05, 699, 163
256, 0, 5, 10, 8, 3, 0.00%, 2, 0, 3, 0.05, 700, 163
284, 0, 5, 10, 8, 3, 0.00%, 2, 0, 3, 0.04, 701, 163
311, 0, 5, 10, 8, 3, 0.00%, 2, 0, 3, 0.04, 702, 163
337, 0, 5, 10, 8, 3, 0.00%, 2, 0, 3, 0.04, 703, 163
357, 0, 5, 10, 8, 3, 0.00%, 2, 0, 3, 0.04, 704, 163
381, 0, 5, 10, 8, 3, 0.00%, 2, 0, 3, 0.04, 705, 163
417, 0, 5, 10, 8, 3, 0.00%, 2, 0, 3, 0.04, 706, 163
442, 0, 5, 10, 8, 3, 0.00%, 2, 0, 3, 0.04, 707, 163
471, 0, 5, 10, 8, 3, 0.00%, 2, 0, 3, 0.04, 708, 163
494, 0, 5, 10, 8, 3, 0.00%, 3, 0, 3, 0.04, 709, 163
521, 0, 5, 10, 8, 3, 0.00%, 3, 0, 3, 0.04, 710, 163
549, 0, 5, 10, 8, 3, 0.00%, 3, 0, 3, 0.04, 711, 163
575, 0, 5, 10, 8, 3, 0.00%, 3, 0, 3, 0.04, 712, 163
607, 0, 5, 10, 8, 3, 0.00%, 4, 0, 3, 0.04, 713, 163
634, 0, 5, 10, 8, 3, 0.00%, 4, 0, 3, 0.04, 714, 163
658, 0, 5, 10, 8, 3, 0.00%, 4, 0, 3, 0.04, 715, 163
684, 0, 5, 10, 8, 3, 0.00%, 4, 0, 3, 0.04, 716, 163
708, 0, 5, 10, 8, 3, 0.00%, 4, 0, 3, 0.04, 717, 163
734, 0, 5, 10, 8, 3, 0.00%, 4, 0, 3, 0.04, 718, 163
758, 0, 5, 10, 8, 3, 0.00%, 4, 0, 3, 0.04, 719, 163
782, 0, 5, 10, 8, 3, 0.00%, 4, 0, 3, 0.04, 720, 163
806, 0, 5, 10, 8, 3, 0.00%, 4, 0, 3, 0.04, 721, 163
834, 0, 5, 10, 8, 3, 0.00%, 4, 0, 3, 0.04, 722, 163
878, 0, 5, 10, 8, 3, 0.00%, 4, 0, 3, 0.04, 723, 163
904, 0, 5, 10, 8, 3, 0.00%, 4, 0, 3, 0.04, 724, 163
935, 0, 5, 10, 8, 3, 0.00%, 4, 0, 3, 0.04, 725, 163
968, 0, 5, 10, 8, 3, 0.00%, 4, 0, 3, 0.04, 726, 163
996, 0, 5, 10, 8, 3, 0.00%, 5, 0, 3, 0.04, 727, 163
1023, 0, 5, 10, 8, 3, 0.00%, 5, 0, 3, 0.04, 728, 163
1051, 0, 5, 10, 8, 3, 0.00%, 5, 0, 3, 0.04, 729, 163
1076, 0, 5, 10, 8, 3, 0.00%, 5, 0, 3, 0.04, 730, 163
1101, 0, 5, 10, 8, 3, 0.00%, 5, 0, 3, 0.04, 731, 163
1127, 0, 5, 10, 8, 3, 0.00%, 5, 0, 3, 0.04, 732, 163
1154, 0, 5, 10, 8, 3, 0.00%, 5, 0, 3, 0.04, 733, 163
1185, 0, 5, 10, 8, 3, 0.00%, 5, 0, 3, 0.04, 734, 163
1209, 0, 5, 10, 8, 3, 0.00%, 5, 0, 3, 0.04, 735, 163
1235, 0, 5, 10, 8, 3, 0.00%, 5, 0, 3, 0.04, 736, 163
1264, 0, 5, 10, 8, 3, 0.00%, 6, 0, 3, 0.04, 737, 163
1301, 0, 5, 10, 8, 3, 0.00%, 6, 0, 3, 0.04, 738, 163
1328, 0, 5, 10, 8, 3, 0.00%, 6, 0, 3, 0.04, 739, 163
1360, 0, 5, 10, 8, 3, 0.00%, 6, 0, 3, 0.04, 740, 163
1384, 0, 5, 10, 8, 3, 0.00%, 6, 0, 3, 0.04, 741, 163
1405, 0, 5, 10, 8, 3, 0.00%, 6, 0, 3, 0.04, 742, 163
1441, 0, 5, 10, 8, 3, 0.00%, 6, 0, 3, 0.04, 743, 163
1467, 0, 5, 10, 8, 3, 0.00%, 6, 0, 3, 0.04, 744, 163
1493, 0, 5, 10, 8, 3, 0.00%, 6, 0, 3, 0.04, 745, 163
1520, 0, 5, 10, 8, 3, 0.00%, 7, 0, 3, 0.04, 746, 163
1546, 0, 5, 10, 8, 3, 0.00%, 7, 0, 3, 0.04, 747, 163
1570, 0, 5, 10, 8, 3, 0.00%, 7, 0, 3, 0.04, 748, 163
1597, 0, 5, 10, 8, 3, 0.00%, 7, 0, 3, 0.04, 749, 163
1620, 0, 5, 10, 8, 3, 0.00%, 7, 0, 3, 0.04, 750, 163
1650, 0, 5, 10, 8, 3, 0.00%, 7, 0, 3, 0.04, 751, 163
1675, 0, 5, 10, 8, 3, 0.00%, 7, 0, 3, 0.04, 752, 163
1703, 0, 5, 10, 8, 3, 0.00%, 7, 0, 3, 0.04, 753, 163
1730, 0, 5, 10, 8, 3, 0.00%, 7, 0, 3, 0.04, 754, 163
1763, 0, 5, 10, 8, 3, 0.00%, 7, 0, 3, 0.04, 755, 163
1787, 0, 5, 10, 8, 3, 0.00%, 7, 0, 3, 0.04, 756, 163
1809, 0, 5, 10, 8, 3, 0.00%, 7, 0, 3, 0.04, 757, 163
1835, 0, 5, 10, 8, 3, 0.00%, 7, 0, 3, 0.04, 758, 163
1863, 0, 5, 10, 8, 3, 0.00%, 7, 0, 3, 0.04, 759, 163
1893, 0, 5, 10, 8, 3, 0.00%, 7, 0, 3, 0.04, 760, 163
1921, 0, 5, 10, 8, 3, 0.00%, 7, 0, 3, 0.04, 761, 163
1963, 0, 5, 10, 8, 3, 0.00%, 8, 0, 3, 0.04, 762, 163
1986, 0, 5, 10, 8, 3, 0.00%, 8, 0, 3, 0.04, 763, 163
2014, 0, 5, 10, 8, 3, 0.00%, 8, 0, 3, 0.04, 764, 163
2038, 0, 5, 10, 8, 3, 0.00%, 8, 0, 3, 0.04, 765, 163
2066, 0, 5, 10, 8, 3, 0.00%, 8, 0, 3, 0.04, 766, 163
2093, 0, 5, 10, 8, 3, 0.00%, 8, 0, 3, 0.04, 767, 163
2118, 0, 5, 10, 8, 3, 0.00%, 9, 0, 3, 0.04, 768, 163
2146, 0, 5, 10, 8, 3, 0.00%, 9, 0, 3, 0.04, 769, 163
2170, 0, 5, 10, 8, 3, 0.00%, 9, 0, 3, 0.04, 770, 163
2196, 0, 5, 10, 8, 3, 0.00%, 9, 0, 3, 0.04, 771, 163
2220, 0, 5, 10, 8, 3, 0.00%, 9, 0, 3, 0.04, 772, 163
2259, 0, 5, 10, 8, 3, 0.00%, 9, 0, 3, 0.04, 773, 163
2286, 0, 5, 10, 8, 3, 0.00%, 9, 0, 3, 0.04, 774, 163
2310, 0, 5, 10, 8, 3, 0.00%, 9, 0, 3, 0.04, 775, 163
2329, 0, 5, 10, 8, 3, 0.00%, 9, 0, 3, 0.04, 776, 163
2352, 0, 5, 10, 8, 3, 0.00%, 10, 0, 3, 0.04, 777, 163
2392, 0, 5, 10, 8, 3, 0.00%, 10, 0, 3, 0.04, 778, 163
2414, 0, 5, 10, 8, 3, 0.00%, 11, 0, 3, 0.04, 779, 163
2439, 0, 5, 10, 8, 3, 0.00%, 11, 0, 3, 0.04, 780, 163
2463, 0, 5, 10, 8, 3, 0.00%, 11, 0, 3, 0.04, 781, 163
2493, 0, 5, 10, 8, 3, 0.00%, 11, 0, 3, 0.04, 782, 163
2517, 0, 5, 10, 8, 3, 0.00%, 11, 0, 3, 0.04, 783, 163
2542, 0, 5, 10, 8, 3, 0.00%, 11, 0, 3, 0.04, 784, 163
2568, 0, 5, 10, 8, 3, 0.00%, 11, 0, 3, 0.04, 785, 163
2595, 0, 5, 10, 8, 3, 0.00%, 11, 0, 3, 0.04, 786, 163
2622, 0, 5, 10, 8, 3, 0.00%, 11, 0, 3, 0.04, 787, 163
2647, 0, 5, 10, 8, 3, 0.00%, 11, 0, 3, 0.04, 788, 163
2674, 0, 5, 10, 8, 3, 0.00%, 11, 0, 3, 0.04, 789, 163
2699, 0, 5, 10, 8, 3, 0.00%, 11, 0, 3, 0.04, 790, 163
2722, 0, 5, 10, 8, 3, 0.00%, 11, 0, 3, 0.04, 791, 163
2745, 0, 5, 10, 8, 3, 0.00%, 11, 0, 3, 0.04, 792, 163
2778, 0, 5, 10, 8, 3, 0.00%, 12, 0, 3, 0.04, 793, 163
2805, 0, 5, 10, 8, 3, 0.00%, 12, 0, 3, 0.04, 794, 163
2825, 0, 5, 10, 8, 3, 0.00%, 12, 0, 3, 0.04, 795, 163
2851, 0, 5, 10, 8, 3, 0.00%, 12, 0, 3, 0.04, 796, 163
2878, 0, 5, 10, 8, 3, 0.00%, 12, 0, 3, 0.04, 797, 163
2906, 0, 5, 10, 8, 3, 0.00%, 12, 0, 3, 0.04, 798, 163
2934, 0, 5, 10, 8, 3, 0.00%, 12, 0, 3, 0.04, 799, 163
2962, 0, 5, 10, 8, 3, 0.00%, 12, 0, 3, 0.04, 800, 163
2988, 0, 5, 10, 8, 3, 0.00%, 12, 0, 3, 0.04, 801, 163
3014, 0, 5, 10, 8, 3, 0.00%, 12, 0, 3, 0.04, 802, 163
3041, 0, 5, 10, 8, 3, 0.00%, 12, 0, 3, 0.04, 803, 163
3065, 0, 5, 10, 8, 3, 0.00%, 12, 0, 3, 0.04, 804, 163
3091, 0, 5, 10, 8, 3, 0.00%, 12, 0, 3, 0.04, 805, 163
3122, 0, 5, 10, 8, 3, 0.00%, 12, 0, 3, 0.04, 806, 163
3146, 0, 5, 10, 8, 3, 0.00%, 12, 0, 3, 0.04, 807, 163
3174, 0, 5, 10, 8, 3, 0.00%, 13, 0, 3, 0.04, 808, 163
3197, 0, 5, 10, 8, 3, 0.00%, 13, 0, 3, 0.04, 809, 163
3229, 0, 5, 10, 8, 3, 0.00%, 13, 0, 3, 0.04, 810, 163
3264, 0, 5, 10, 8, 3, 0.00%, 13, 0, 3, 0.04, 811, 163
3287, 0, 5, 10, 8, 3, 0.00%, 13, 0, 3, 0.04, 812, 163
3310, 0, 5, 10, 8, 3, 0.00%, 13, 0, 3, 0.04, 813, 163
3342, 0, 5, 10, 8, 3, 0.00%, 13, 0, 3, 0.04, 814, 163
3368, 0, 5, 10, 8, 3, 0.00%, 13, 0, 3, 0.04, 815, 163
3393, 0, 5, 10, 8, 3, 0.00%, 13, 0, 3, 0.04, 816, 163
3434, 0, 5, 10, 8, 3, 0.00%, 13, 0, 3, 0.04, 817, 163
3462, 0, 5, 10, 8, 3, 0.00%, 13, 0, 3, 0.04, 818, 163
3486, 0, 5, 10, 8, 3, 0.00%, 13, 0, 3, 0.04, 819, 163
3511, 0, 5, 10, 8, 3, 0.00%, 13, 0, 3, 0.04, 820, 163
3539, 0, 5, 10, 8, 3, 0.00%, 13, 0, 3, 0.04, 821, 163
3564, 0, 5, 10, 8, 3, 0.00%, 13, 0, 3, 0.04, 822, 163
3592, 0, 5, 10, 8, 3, 0.00%, 13, 0, 3, 0.04, 823, 163
3626, 0, 5, 10, 8, 3, 0.00%, 13, 0, 3, 0.04, 824, 163
3662, 0, 5, 10, 8, 3, 0.00%, 13, 0, 3, 0.04, 825, 163
3690, 0, 5, 10, 8, 3, 0.00%, 14, 0, 3, 0.04, 826, 163
3717, 0, 5, 10, 8, 3, 0.00%, 14, 0, 3, 0.04, 827, 163
3740, 0, 5, 10, 8, 3, 0.00%, 14, 0, 3, 0.04, 828, 163
3765, 0, 5, 10, 8, 3, 0.00%, 14, 0, 3, 0.04, 829, 163
3793, 0, 5, 10, 8, 3, 0.00%, 15, 0, 3, 0.04, 830, 163
3821, 0, 5, 10, 8, 3, 0.00%, 15, 0, 3, 0.04, 831, 163
3841, 0, 5, 10, 8, 3, 0.00%, 15, 0, 3, 0.04, 832, 163
3868, 0, 5, 10, 8, 3, 0.00%, 15, 0, 3, 0.04, 833, 163
3889, 0, 5, 10, 8, 3, 0.00%, 15, 0, 3, 0.04, 834, 163
3923, 0, 5, 10, 8, 3, 0.00%, 15, 0, 3, 0.04, 835, 163
3956, 0, 5, 10, 8, 3, 0.00%, 15, 0, 3, 0.04, 836, 163
3985, 0, 5, 10, 8, 3, 0.00%, 15, 0, 3, 0.04, 837, 163
4011, 0, 5, 10, 8, 3, 0.00%, 15, 0, 3, 0.04, 838, 163
4038, 0, 5, 10, 8, 3, 0.00%, 15, 0, 3, 0.04, 839, 163
4065, 0, 5, 10, 8, 3, 0.00%, 15, 0, 3, 0.04, 840, 163
